[gd_scene load_steps=5 format=3 uid="uid://cv5g5e28w8hig"]

[ext_resource type="Script" path="res://addons/orbit_camera/orbit_camera.gd" id="1_gsiu0"]
[ext_resource type="Script" path="res://StarsTileSpawner.gd" id="2_26khp"]

[sub_resource type="PrismMesh" id="PrismMesh_uau3t"]

[sub_resource type="Environment" id="Environment_yb2l8"]
background_mode = 1
ambient_light_source = 2
ambient_light_color = Color(0.611765, 0.34902, 1, 1)
ambient_light_energy = 0.01
glow_enabled = true
glow_strength = 0.32
glow_blend_mode = 1

[node name="galaxy" type="Node3D"]

[node name="ship" type="Node3D" parent="."]
visible = false

[node name="MeshInstance3D" type="MeshInstance3D" parent="ship"]
transform = Transform3D(1, 0, 0, 0, -4.37114e-08, 1, 0, -1, -4.37114e-08, 0, 0, 0)
mesh = SubResource("PrismMesh_uau3t")

[node name="CameraAnchor" type="Node3D" parent="ship"]

[node name="OrbitCamera" type="Camera3D" parent="ship/CameraAnchor"]
transform = Transform3D(0.999974, 0.000796669, -0.00711332, -0.000863449, 0.999956, -0.00938989, 0.00710552, 0.00939579, 0.999931, -0.0336618, -0.00256777, 0.026094)
fov = 38.8
script = ExtResource("1_gsiu0")
SCROLL_SPEED = 500.0
ROTATE_SPEED = 0.1
ANCHOR_NODE_PATH = NodePath("..")
MOUSE_ZOOM_SPEED = 1000.0

[node name="DirectionalLight3D" type="DirectionalLight3D" parent="."]
transform = Transform3D(0.999999, -0.00104712, 0.000789286, -0.000792151, -0.00273882, 0.999996, -0.00104495, -0.999996, -0.00273965, 0, 0, 0)

[node name="WorldEnvironment" type="WorldEnvironment" parent="."]
environment = SubResource("Environment_yb2l8")

[node name="StarsTileSpawner" type="Node3D" parent="."]
transform = Transform3D(0.999999, -0.00104712, 0.000789286, -0.000792151, -0.00273882, 0.999996, -0.00104495, -0.999996, -0.00273965, 0, 0, 0)
script = ExtResource("2_26khp")
tile_size = 10.0
