[gd_scene load_steps=7 format=3 uid="uid://cv5g5e28w8hig"]

[ext_resource type="Script" path="res://addons/orbit_camera/orbit_camera.gd" id="1_gsiu0"]
[ext_resource type="Script" path="res://StarsTileSpawner.gd" id="2_26khp"]
[ext_resource type="Script" path="res://Raycaster.gd" id="2_irjbp"]
[ext_resource type="Script" path="res://StarHoverUI.gd" id="4_4ba3j"]

[sub_resource type="PrismMesh" id="PrismMesh_uau3t"]

[sub_resource type="Environment" id="Environment_yb2l8"]
background_mode = 1
ambient_light_source = 2
ambient_light_color = Color(0.611765, 0.34902, 1, 1)
ambient_light_energy = 0.01
glow_enabled = true
glow_strength = 0.32
glow_blend_mode = 1

[node name="galaxy" type="Node3D"]

[node name="ship" type="Node3D" parent="."]

[node name="MeshInstance3D" type="MeshInstance3D" parent="ship"]
transform = Transform3D(0.16, 0, 0, 0, -6.99382e-09, 0.16, 0, -0.16, -6.99382e-09, 0, 0, 0)
mesh = SubResource("PrismMesh_uau3t")

[node name="CameraAnchor" type="Node3D" parent="ship"]

[node name="OrbitCamera" type="Camera3D" parent="ship/CameraAnchor"]
transform = Transform3D(0.999974, 0.000796669, -0.00711332, -0.000863449, 0.999956, -0.00938989, 0.00710552, 0.00939579, 0.999931, -0.0336618, -0.00256777, 0.026094)
fov = 30.2
script = ExtResource("1_gsiu0")
SCROLL_SPEED = 2500.0
ZOOM_SPEED = 20.0
ROTATE_SPEED = 0.1
ANCHOR_NODE_PATH = NodePath("..")
MOUSE_ZOOM_SPEED = 1000.0
min_distance = 10.0
max_distance = 250.0

[node name="Raycaster" type="Node3D" parent="ship/CameraAnchor" node_paths=PackedStringArray("CAMERA", "CONTROL")]
script = ExtResource("2_irjbp")
CAMERA = NodePath("../OrbitCamera")
CONTROL = NodePath("../../../Control")

[node name="DirectionalLight3D" type="DirectionalLight3D" parent="."]
transform = Transform3D(0.999999, -0.00104712, 0.000789286, -0.000792151, -0.00273882, 0.999996, -0.00104495, -0.999996, -0.00273965, 0, 0, 0)

[node name="WorldEnvironment" type="WorldEnvironment" parent="."]
environment = SubResource("Environment_yb2l8")

[node name="StarsTileSpawner" type="Node3D" parent="."]
transform = Transform3D(0.999999, -0.00104712, 0.000789286, -0.000792151, -0.00273882, 0.999996, -0.00104495, -0.999996, -0.00273965, 0, 0, 0)
script = ExtResource("2_26khp")
tile_size = 10.0

[node name="Control" type="Control" parent="."]
layout_mode = 3
anchors_preset = 0
offset_right = 40.0
offset_bottom = 40.0
script = ExtResource("4_4ba3j")
